// ************** LINE *************** 
//hGaussLineN: exact for polynomials of order 2N+1

const double hGaussLine0[2][1]={{2},
{0}};

const double hGaussLine1[2][2]={{1, 1},
{-0.57735026918963, 0.57735026918963}};

const double hGaussLine2[2][3]={{0.55555555555556, 0.88888888888889, 0.55555555555556},
{-0.77459666924148, 0, 0.77459666924148}};

const double hGaussLine3[2][4]={{0.34785484513745, 0.65214515486255, 0.65214515486255, 0.34785484513745},
{-0.86113631159405, -0.33998104358486, 0.33998104358486, 0.86113631159405}};

const double hGaussLine4[2][5]={{0.23692688505619, 0.47862867049937, 0.56888888888889, 0.47862867049937, 0.23692688505619},
{-0.90617984593866, -0.53846931010568, 0, 0.53846931010568, 0.90617984593866}};

const double hGaussLine5[2][6]={{0.17132449237917, 0.36076157304814, 0.46791393457269, 0.46791393457269, 0.36076157304814, 0.17132449237917},
{-0.93246951420315, -0.66120938646627, -0.2386191860832, 0.2386191860832, 0.66120938646627, 0.93246951420315}};

const double hGaussLine6[2][7]={{0.12948496616887, 0.27970539148928, 0.38183005050512, 0.41795918367347, 0.38183005050512, 0.27970539148928, 0.12948496616887},
{-0.94910791234276, -0.74153118559939, -0.4058451513774, 0, 0.4058451513774, 0.74153118559939, 0.94910791234276}};

const double hGaussLine7[2][8]={{0.10122853629038, 0.22238103445337, 0.31370664587789, 0.36268378337836, 0.36268378337836, 0.31370664587789, 0.22238103445337, 0.10122853629038},
{-0.96028985649754, -0.79666647741363, -0.52553240991633, -0.18343464249565, 0.18343464249565, 0.52553240991633, 0.79666647741363, 0.96028985649754}};

const double hGaussLine8[2][9]={{0.081274388361574, 0.18064816069486, 0.26061069640293, 0.31234707704, 0.33023935500126, 0.31234707704, 0.26061069640293, 0.18064816069486, 0.081274388361574},
{-0.96816023950763, -0.83603110732664, -0.61337143270059, -0.32425342340381, 0, 0.32425342340381, 0.61337143270059, 0.83603110732664, 0.96816023950763}};

const double hGaussLine9[2][10]={{0.066671344308688, 0.14945134915058, 0.21908636251598, 0.26926671931, 0.29552422471475, 0.29552422471475, 0.26926671931, 0.21908636251598, 0.14945134915058, 0.066671344308688},
{-0.97390652851717, -0.86506336668898, -0.67940956829902, -0.43339539412925, -0.14887433898163, 0.14887433898163, 0.43339539412925, 0.67940956829902, 0.86506336668898, 0.97390652851717}};

const double hGaussLine10[2][11]={{0.055668567116174, 0.1255803694649, 0.18629021092773, 0.23319376459199, 0.26280454451025, 0.2729250867779, 0.26280454451025, 0.23319376459199, 0.18629021092773, 0.1255803694649, 0.055668567116174},
{-0.97822865814606, -0.8870625997681, -0.73015200557405, -0.51909612920681, -0.26954315595234, 0, 0.26954315595234, 0.51909612920681, 0.73015200557405, 0.8870625997681, 0.97822865814606}};

const double hGaussLine11[2][12]={{0.047175336386512, 0.10693932599532, 0.16007832854335, 0.20316742672307, 0.23349253653835, 0.2491470458134, 0.2491470458134, 0.23349253653835, 0.20316742672307, 0.16007832854335, 0.10693932599532, 0.047175336386512},
{-0.98156063424672, -0.90411725637047, -0.7699026741943, -0.58731795428662, -0.36783149899818, -0.12523340851147, 0.12523340851147, 0.36783149899818, 0.58731795428662, 0.7699026741943, 0.90411725637047, 0.98156063424672}};

const short hGaussPointsLine[12]={1, 2, 3, 4, 5, 6, 7, 8, 9, 10, 11, 12};

// ************** SQUARE *************** 
//hGaussSquareN: exact for polynomials of order x^n*y^m where n,m are each 2N+1

const double hGaussSquare0[3][1]={{4},
{0},
{0}};

const double hGaussSquare1[3][4]={{1, 1, 1, 1},
{-0.57735026918963, -0.57735026918963, 0.57735026918963, 0.57735026918963},
{-0.57735026918963, 0.57735026918963, -0.57735026918963, 0.57735026918963}};

const double hGaussSquare2[3][9]={{0.30864197530864, 0.49382716049383, 0.30864197530864, 0.49382716049383, 0.79012345679012, 0.49382716049383, 0.30864197530864, 0.49382716049383, 0.30864197530864},
{-0.77459666924148, -0.77459666924148, -0.77459666924148, 0, 0, 0, 0.77459666924148, 0.77459666924148, 0.77459666924148},
{-0.77459666924148, 0, 0.77459666924148, -0.77459666924148, 0, 0.77459666924148, -0.77459666924148, 0, 0.77459666924148}};

const double hGaussSquare3[3][16]={{0.1210029932856, 0.22685185185185, 0.22685185185185, 0.1210029932856, 0.22685185185185, 0.42529330301069, 0.42529330301069, 0.22685185185185, 0.22685185185185, 0.42529330301069, 0.42529330301069, 0.22685185185185, 0.1210029932856, 0.22685185185185, 0.22685185185185, 0.1210029932856},
{-0.86113631159405, -0.86113631159405, -0.86113631159405, -0.86113631159405, -0.33998104358486, -0.33998104358486, -0.33998104358486, -0.33998104358486, 0.33998104358486, 0.33998104358486, 0.33998104358486, 0.33998104358486, 0.86113631159405, 0.86113631159405, 0.86113631159405, 0.86113631159405},
{-0.86113631159405, -0.33998104358486, 0.33998104358486, 0.86113631159405, -0.86113631159405, -0.33998104358486, 0.33998104358486, 0.86113631159405, -0.86113631159405, -0.33998104358486, 0.33998104358486, 0.86113631159405, -0.86113631159405, -0.33998104358486, 0.33998104358486, 0.86113631159405}};

const double hGaussSquare4[3][25]={{0.056134348862429, 0.1134, 0.13478507238752, 0.1134, 0.056134348862429, 0.1134, 0.22908540422399, 0.27228653255075, 0.22908540422399, 0.1134, 0.13478507238752, 0.27228653255075, 0.32363456790123, 0.27228653255075, 0.13478507238752, 0.1134, 0.22908540422399, 0.27228653255075, 0.22908540422399, 0.1134, 0.056134348862429, 0.1134, 0.13478507238752, 0.1134, 0.056134348862429},
{-0.90617984593866, -0.90617984593866, -0.90617984593866, -0.90617984593866, -0.90617984593866, -0.53846931010568, -0.53846931010568, -0.53846931010568, -0.53846931010568, -0.53846931010568, 0, 0, 0, 0, 0, 0.53846931010568, 0.53846931010568, 0.53846931010568, 0.53846931010568, 0.53846931010568, 0.90617984593866, 0.90617984593866, 0.90617984593866, 0.90617984593866, 0.90617984593866},
{-0.90617984593866, -0.53846931010568, 0, 0.53846931010568, 0.90617984593866, -0.90617984593866, -0.53846931010568, 0, 0.53846931010568, 0.90617984593866, -0.90617984593866, -0.53846931010568, 0, 0.53846931010568, 0.90617984593866, -0.90617984593866, -0.53846931010568, 0, 0.53846931010568, 0.90617984593866, -0.90617984593866, -0.53846931010568, 0, 0.53846931010568, 0.90617984593866}};

const double hGaussSquare5[3][36]={{0.02935208168898, 0.061807293372383, 0.080165117317806, 0.080165117317806, 0.061807293372383, 0.02935208168898, 0.061807293372383, 0.13014891258817, 0.16880536708759, 0.16880536708759, 0.13014891258817, 0.061807293372383, 0.080165117317806, 0.16880536708759, 0.2189434501673, 0.2189434501673, 0.16880536708759, 0.080165117317806, 0.080165117317806, 0.16880536708759, 0.2189434501673, 0.2189434501673, 0.16880536708759, 0.080165117317806, 0.061807293372383, 0.13014891258817, 0.16880536708759, 0.16880536708759, 0.13014891258817, 0.061807293372383, 0.02935208168898, 0.061807293372383, 0.080165117317806, 0.080165117317806, 0.061807293372383, 0.02935208168898},
{-0.93246951420315, -0.93246951420315, -0.93246951420315, -0.93246951420315, -0.93246951420315, -0.93246951420315, -0.66120938646627, -0.66120938646627, -0.66120938646627, -0.66120938646627, -0.66120938646627, -0.66120938646627, -0.2386191860832, -0.2386191860832, -0.2386191860832, -0.2386191860832, -0.2386191860832, -0.2386191860832, 0.2386191860832, 0.2386191860832, 0.2386191860832, 0.2386191860832, 0.2386191860832, 0.2386191860832, 0.66120938646627, 0.66120938646627, 0.66120938646627, 0.66120938646627, 0.66120938646627, 0.66120938646627, 0.93246951420315, 0.93246951420315, 0.93246951420315, 0.93246951420315, 0.93246951420315, 0.93246951420315},
{-0.93246951420315, -0.66120938646627, -0.2386191860832, 0.2386191860832, 0.66120938646627, 0.93246951420315, -0.93246951420315, -0.66120938646627, -0.2386191860832, 0.2386191860832, 0.66120938646627, 0.93246951420315, -0.93246951420315, -0.66120938646627, -0.2386191860832, 0.2386191860832, 0.66120938646627, 0.93246951420315, -0.93246951420315, -0.66120938646627, -0.2386191860832, 0.2386191860832, 0.66120938646627, 0.93246951420315, -0.93246951420315, -0.66120938646627, -0.2386191860832, 0.2386191860832, 0.66120938646627, 0.93246951420315, -0.93246951420315, -0.66120938646627, -0.2386191860832, 0.2386191860832, 0.66120938646627, 0.93246951420315}};

const double hGaussSquare6[3][49]={{0.016766356463753, 0.03621764315424, 0.049441251171913, 0.054119430757928, 0.049441251171913, 0.03621764315424, 0.016766356463753, 0.03621764315424, 0.07823510602817, 0.1067999237589, 0.11690543709593, 0.1067999237589, 0.07823510602817, 0.03621764315424, 0.049441251171913, 0.1067999237589, 0.14579418746874, 0.15958937621112, 0.14579418746874, 0.1067999237589, 0.049441251171913, 0.054119430757928, 0.11690543709593, 0.15958937621112, 0.17468987921699, 0.15958937621112, 0.11690543709593, 0.054119430757928, 0.049441251171913, 0.1067999237589, 0.14579418746874, 0.15958937621112, 0.14579418746874, 0.1067999237589, 0.049441251171913, 0.03621764315424, 0.07823510602817, 0.1067999237589, 0.11690543709593, 0.1067999237589, 0.07823510602817, 0.03621764315424, 0.016766356463753, 0.03621764315424, 0.049441251171913, 0.054119430757928, 0.049441251171913, 0.03621764315424, 0.016766356463753},
{-0.94910791234276, -0.94910791234276, -0.94910791234276, -0.94910791234276, -0.94910791234276, -0.94910791234276, -0.94910791234276, -0.74153118559939, -0.74153118559939, -0.74153118559939, -0.74153118559939, -0.74153118559939, -0.74153118559939, -0.74153118559939, -0.4058451513774, -0.4058451513774, -0.4058451513774, -0.4058451513774, -0.4058451513774, -0.4058451513774, -0.4058451513774, 0, 0, 0, 0, 0, 0, 0, 0.4058451513774, 0.4058451513774, 0.4058451513774, 0.4058451513774, 0.4058451513774, 0.4058451513774, 0.4058451513774, 0.74153118559939, 0.74153118559939, 0.74153118559939, 0.74153118559939, 0.74153118559939, 0.74153118559939, 0.74153118559939, 0.94910791234276, 0.94910791234276, 0.94910791234276, 0.94910791234276, 0.94910791234276, 0.94910791234276, 0.94910791234276},
{-0.94910791234276, -0.74153118559939, -0.4058451513774, 0, 0.4058451513774, 0.74153118559939, 0.94910791234276, -0.94910791234276, -0.74153118559939, -0.4058451513774, 0, 0.4058451513774, 0.74153118559939, 0.94910791234276, -0.94910791234276, -0.74153118559939, -0.4058451513774, 0, 0.4058451513774, 0.74153118559939, 0.94910791234276, -0.94910791234276, -0.74153118559939, -0.4058451513774, 0, 0.4058451513774, 0.74153118559939, 0.94910791234276, -0.94910791234276, -0.74153118559939, -0.4058451513774, 0, 0.4058451513774, 0.74153118559939, 0.94910791234276, -0.94910791234276, -0.74153118559939, -0.4058451513774, 0, 0.4058451513774, 0.74153118559939, 0.94910791234276, -0.94910791234276, -0.74153118559939, -0.4058451513774, 0, 0.4058451513774, 0.74153118559939, 0.94910791234276}};

const double hGaussSquare7[3][64]={{0.010247216559492, 0.022511306616455, 0.031756064586782, 0.036713948527647, 0.036713948527647, 0.031756064586782, 0.022511306616455, 0.010247216559492, 0.022511306616455, 0.049453324484553, 0.069762408425223, 0.080653994927144, 0.080653994927144, 0.069762408425223, 0.049453324484553, 0.022511306616455, 0.031756064586782, 0.069762408425223, 0.098411859667954, 0.11377631319793, 0.11377631319793, 0.098411859667954, 0.069762408425223, 0.031756064586782, 0.036713948527647, 0.080653994927144, 0.11377631319793, 0.13153952672564, 0.13153952672564, 0.11377631319793, 0.080653994927144, 0.036713948527647, 0.036713948527647, 0.080653994927144, 0.11377631319793, 0.13153952672564, 0.13153952672564, 0.11377631319793, 0.080653994927144, 0.036713948527647, 0.031756064586782, 0.069762408425223, 0.098411859667954, 0.11377631319793, 0.11377631319793, 0.098411859667954, 0.069762408425223, 0.031756064586782, 0.022511306616455, 0.049453324484553, 0.069762408425223, 0.080653994927144, 0.080653994927144, 0.069762408425223, 0.049453324484553, 0.022511306616455, 0.010247216559492, 0.022511306616455, 0.031756064586782, 0.036713948527647, 0.036713948527647, 0.031756064586782, 0.022511306616455, 0.010247216559492},
{-0.96028985649754, -0.96028985649754, -0.96028985649754, -0.96028985649754, -0.96028985649754, -0.96028985649754, -0.96028985649754, -0.96028985649754, -0.79666647741363, -0.79666647741363, -0.79666647741363, -0.79666647741363, -0.79666647741363, -0.79666647741363, -0.79666647741363, -0.79666647741363, -0.52553240991633, -0.52553240991633, -0.52553240991633, -0.52553240991633, -0.52553240991633, -0.52553240991633, -0.52553240991633, -0.52553240991633, -0.18343464249565, -0.18343464249565, -0.18343464249565, -0.18343464249565, -0.18343464249565, -0.18343464249565, -0.18343464249565, -0.18343464249565, 0.18343464249565, 0.18343464249565, 0.18343464249565, 0.18343464249565, 0.18343464249565, 0.18343464249565, 0.18343464249565, 0.18343464249565, 0.52553240991633, 0.52553240991633, 0.52553240991633, 0.52553240991633, 0.52553240991633, 0.52553240991633, 0.52553240991633, 0.52553240991633, 0.79666647741363, 0.79666647741363, 0.79666647741363, 0.79666647741363, 0.79666647741363, 0.79666647741363, 0.79666647741363, 0.79666647741363, 0.96028985649754, 0.96028985649754, 0.96028985649754, 0.96028985649754, 0.96028985649754, 0.96028985649754, 0.96028985649754, 0.96028985649754},
{-0.96028985649754, -0.79666647741363, -0.52553240991633, -0.18343464249565, 0.18343464249565, 0.52553240991633, 0.79666647741363, 0.96028985649754, -0.96028985649754, -0.79666647741363, -0.52553240991633, -0.18343464249565, 0.18343464249565, 0.52553240991633, 0.79666647741363, 0.96028985649754, -0.96028985649754, -0.79666647741363, -0.52553240991633, -0.18343464249565, 0.18343464249565, 0.52553240991633, 0.79666647741363, 0.96028985649754, -0.96028985649754, -0.79666647741363, -0.52553240991633, -0.18343464249565, 0.18343464249565, 0.52553240991633, 0.79666647741363, 0.96028985649754, -0.96028985649754, -0.79666647741363, -0.52553240991633, -0.18343464249565, 0.18343464249565, 0.52553240991633, 0.79666647741363, 0.96028985649754, -0.96028985649754, -0.79666647741363, -0.52553240991633, -0.18343464249565, 0.18343464249565, 0.52553240991633, 0.79666647741363, 0.96028985649754, -0.96028985649754, -0.79666647741363, -0.52553240991633, -0.18343464249565, 0.18343464249565, 0.52553240991633, 0.79666647741363, 0.96028985649754, -0.96028985649754, -0.79666647741363, -0.52553240991633, -0.18343464249565, 0.18343464249565, 0.52553240991633, 0.79666647741363, 0.96028985649754}};

const double hGaussSquare8[3][81]={{0.006605526203548, 0.014682068769118, 0.021180974950632, 0.025385817642952, 0.026840001590648, 0.025385817642952, 0.021180974950632, 0.014682068769118, 0.006605526203548, 0.014682068769118, 0.032633757962435, 0.047078842962596, 0.056424924965691, 0.059657132070034, 0.056424924965691, 0.047078842962596, 0.032633757962435, 0.014682068769118, 0.021180974950632, 0.047078842962596, 0.067917935079623, 0.081400989266816, 0.086063908286534, 0.081400989266816, 0.067917935079623, 0.047078842962596, 0.021180974950632, 0.025385817642952, 0.056424924965691, 0.081400989266816, 0.097560696535434, 0.10314929725822, 0.097560696535434, 0.081400989266816, 0.056424924965691, 0.025385817642952, 0.026840001590648, 0.059657132070034, 0.086063908286534, 0.10314929725822, 0.10905803159165, 0.10314929725822, 0.086063908286534, 0.059657132070034, 0.026840001590648, 0.025385817642952, 0.056424924965691, 0.081400989266816, 0.097560696535434, 0.10314929725822, 0.097560696535434, 0.081400989266816, 0.056424924965691, 0.025385817642952, 0.021180974950632, 0.047078842962596, 0.067917935079623, 0.081400989266816, 0.086063908286534, 0.081400989266816, 0.067917935079623, 0.047078842962596, 0.021180974950632, 0.014682068769118, 0.032633757962435, 0.047078842962596, 0.056424924965691, 0.059657132070034, 0.056424924965691, 0.047078842962596, 0.032633757962435, 0.014682068769118, 0.006605526203548, 0.014682068769118, 0.021180974950632, 0.025385817642952, 0.026840001590648, 0.025385817642952, 0.021180974950632, 0.014682068769118, 0.006605526203548},
{-0.96816023950763, -0.96816023950763, -0.96816023950763, -0.96816023950763, -0.96816023950763, -0.96816023950763, -0.96816023950763, -0.96816023950763, -0.96816023950763, -0.83603110732664, -0.83603110732664, -0.83603110732664, -0.83603110732664, -0.83603110732664, -0.83603110732664, -0.83603110732664, -0.83603110732664, -0.83603110732664, -0.61337143270059, -0.61337143270059, -0.61337143270059, -0.61337143270059, -0.61337143270059, -0.61337143270059, -0.61337143270059, -0.61337143270059, -0.61337143270059, -0.32425342340381, -0.32425342340381, -0.32425342340381, -0.32425342340381, -0.32425342340381, -0.32425342340381, -0.32425342340381, -0.32425342340381, -0.32425342340381, 0, 0, 0, 0, 0, 0, 0, 0, 0, 0.32425342340381, 0.32425342340381, 0.32425342340381, 0.32425342340381, 0.32425342340381, 0.32425342340381, 0.32425342340381, 0.32425342340381, 0.32425342340381, 0.61337143270059, 0.61337143270059, 0.61337143270059, 0.61337143270059, 0.61337143270059, 0.61337143270059, 0.61337143270059, 0.61337143270059, 0.61337143270059, 0.83603110732664, 0.83603110732664, 0.83603110732664, 0.83603110732664, 0.83603110732664, 0.83603110732664, 0.83603110732664, 0.83603110732664, 0.83603110732664, 0.96816023950763, 0.96816023950763, 0.96816023950763, 0.96816023950763, 0.96816023950763, 0.96816023950763, 0.96816023950763, 0.96816023950763, 0.96816023950763},
{-0.96816023950763, -0.83603110732664, -0.61337143270059, -0.32425342340381, 0, 0.32425342340381, 0.61337143270059, 0.83603110732664, 0.96816023950763, -0.96816023950763, -0.83603110732664, -0.61337143270059, -0.32425342340381, 0, 0.32425342340381, 0.61337143270059, 0.83603110732664, 0.96816023950763, -0.96816023950763, -0.83603110732664, -0.61337143270059, -0.32425342340381, 0, 0.32425342340381, 0.61337143270059, 0.83603110732664, 0.96816023950763, -0.96816023950763, -0.83603110732664, -0.61337143270059, -0.32425342340381, 0, 0.32425342340381, 0.61337143270059, 0.83603110732664, 0.96816023950763, -0.96816023950763, -0.83603110732664, -0.61337143270059, -0.32425342340381, 0, 0.32425342340381, 0.61337143270059, 0.83603110732664, 0.96816023950763, -0.96816023950763, -0.83603110732664, -0.61337143270059, -0.32425342340381, 0, 0.32425342340381, 0.61337143270059, 0.83603110732664, 0.96816023950763, -0.96816023950763, -0.83603110732664, -0.61337143270059, -0.32425342340381, 0, 0.32425342340381, 0.61337143270059, 0.83603110732664, 0.96816023950763, -0.96816023950763, -0.83603110732664, -0.61337143270059, -0.32425342340381, 0, 0.32425342340381, 0.61337143270059, 0.83603110732664, 0.96816023950763, -0.96816023950763, -0.83603110732664, -0.61337143270059, -0.32425342340381, 0, 0.32425342340381, 0.61337143270059, 0.83603110732664, 0.96816023950763}};

const double hGaussSquare9[3][100]={{0.0044450681519276, 0.0099641223566163, 0.014606782308641, 0.017952374153988, 0.019702997337515, 0.019702997337515, 0.017952374153988, 0.014606782308641, 0.0099641223566163, 0.0044450681519276, 0.0099641223566163, 0.022335705762929, 0.032742752458507, 0.04024227448223, 0.044166494090299, 0.044166494090299, 0.04024227448223, 0.032742752458507, 0.022335705762929, 0.0099641223566163, 0.014606782308641, 0.032742752458507, 0.047998834240484, 0.058992666080239, 0.06474532742811, 0.06474532742811, 0.058992666080239, 0.047998834240484, 0.032742752458507, 0.014606782308641, 0.017952374153988, 0.04024227448223, 0.058992666080239, 0.072504566127968, 0.079574838465571, 0.079574838465571, 0.072504566127968, 0.058992666080239, 0.04024227448223, 0.017952374153988, 0.019702997337515, 0.044166494090299, 0.06474532742811, 0.079574838465571, 0.087334567393254, 0.087334567393254, 0.079574838465571, 0.06474532742811, 0.044166494090299, 0.019702997337515, 0.019702997337515, 0.044166494090299, 0.06474532742811, 0.079574838465571, 0.087334567393254, 0.087334567393254, 0.079574838465571, 0.06474532742811, 0.044166494090299, 0.019702997337515, 0.017952374153988, 0.04024227448223, 0.058992666080239, 0.072504566127968, 0.079574838465571, 0.079574838465571, 0.072504566127968, 0.058992666080239, 0.04024227448223, 0.017952374153988, 0.014606782308641, 0.032742752458507, 0.047998834240484, 0.058992666080239, 0.06474532742811, 0.06474532742811, 0.058992666080239, 0.047998834240484, 0.032742752458507, 0.014606782308641, 0.0099641223566163, 0.022335705762929, 0.032742752458507, 0.04024227448223, 0.044166494090299, 0.044166494090299, 0.04024227448223, 0.032742752458507, 0.022335705762929, 0.0099641223566163, 0.0044450681519276, 0.0099641223566163, 0.014606782308641, 0.017952374153988, 0.019702997337515, 0.019702997337515, 0.017952374153988, 0.014606782308641, 0.0099641223566163, 0.0044450681519276},
{-0.97390652851717, -0.97390652851717, -0.97390652851717, -0.97390652851717, -0.97390652851717, -0.97390652851717, -0.97390652851717, -0.97390652851717, -0.97390652851717, -0.97390652851717, -0.86506336668898, -0.86506336668898, -0.86506336668898, -0.86506336668898, -0.86506336668898, -0.86506336668898, -0.86506336668898, -0.86506336668898, -0.86506336668898, -0.86506336668898, -0.67940956829902, -0.67940956829902, -0.67940956829902, -0.67940956829902, -0.67940956829902, -0.67940956829902, -0.67940956829902, -0.67940956829902, -0.67940956829902, -0.67940956829902, -0.43339539412925, -0.43339539412925, -0.43339539412925, -0.43339539412925, -0.43339539412925, -0.43339539412925, -0.43339539412925, -0.43339539412925, -0.43339539412925, -0.43339539412925, -0.14887433898163, -0.14887433898163, -0.14887433898163, -0.14887433898163, -0.14887433898163, -0.14887433898163, -0.14887433898163, -0.14887433898163, -0.14887433898163, -0.14887433898163, 0.14887433898163, 0.14887433898163, 0.14887433898163, 0.14887433898163, 0.14887433898163, 0.14887433898163, 0.14887433898163, 0.14887433898163, 0.14887433898163, 0.14887433898163, 0.43339539412925, 0.43339539412925, 0.43339539412925, 0.43339539412925, 0.43339539412925, 0.43339539412925, 0.43339539412925, 0.43339539412925, 0.43339539412925, 0.43339539412925, 0.67940956829902, 0.67940956829902, 0.67940956829902, 0.67940956829902, 0.67940956829902, 0.67940956829902, 0.67940956829902, 0.67940956829902, 0.67940956829902, 0.67940956829902, 0.86506336668898, 0.86506336668898, 0.86506336668898, 0.86506336668898, 0.86506336668898, 0.86506336668898, 0.86506336668898, 0.86506336668898, 0.86506336668898, 0.86506336668898, 0.97390652851717, 0.97390652851717, 0.97390652851717, 0.97390652851717, 0.97390652851717, 0.97390652851717, 0.97390652851717, 0.97390652851717, 0.97390652851717, 0.97390652851717},
{-0.97390652851717, -0.86506336668898, -0.67940956829902, -0.43339539412925, -0.14887433898163, 0.14887433898163, 0.43339539412925, 0.67940956829902, 0.86506336668898, 0.97390652851717, -0.97390652851717, -0.86506336668898, -0.67940956829902, -0.43339539412925, -0.14887433898163, 0.14887433898163, 0.43339539412925, 0.67940956829902, 0.86506336668898, 0.97390652851717, -0.97390652851717, -0.86506336668898, -0.67940956829902, -0.43339539412925, -0.14887433898163, 0.14887433898163, 0.43339539412925, 0.67940956829902, 0.86506336668898, 0.97390652851717, -0.97390652851717, -0.86506336668898, -0.67940956829902, -0.43339539412925, -0.14887433898163, 0.14887433898163, 0.43339539412925, 0.67940956829902, 0.86506336668898, 0.97390652851717, -0.97390652851717, -0.86506336668898, -0.67940956829902, -0.43339539412925, -0.14887433898163, 0.14887433898163, 0.43339539412925, 0.67940956829902, 0.86506336668898, 0.97390652851717, -0.97390652851717, -0.86506336668898, -0.67940956829902, -0.43339539412925, -0.14887433898163, 0.14887433898163, 0.43339539412925, 0.67940956829902, 0.86506336668898, 0.97390652851717, -0.97390652851717, -0.86506336668898, -0.67940956829902, -0.43339539412925, -0.14887433898163, 0.14887433898163, 0.43339539412925, 0.67940956829902, 0.86506336668898, 0.97390652851717, -0.97390652851717, -0.86506336668898, -0.67940956829902, -0.43339539412925, -0.14887433898163, 0.14887433898163, 0.43339539412925, 0.67940956829902, 0.86506336668898, 0.97390652851717, -0.97390652851717, -0.86506336668898, -0.67940956829902, -0.43339539412925, -0.14887433898163, 0.14887433898163, 0.43339539412925, 0.67940956829902, 0.86506336668898, 0.97390652851717, -0.97390652851717, -0.86506336668898, -0.67940956829902, -0.43339539412925, -0.14887433898163, 0.14887433898163, 0.43339539412925, 0.67940956829902, 0.86506336668898, 0.97390652851717}};

const double hGaussSquare10[3][121]={{0.0030989893647679, 0.0069908792260309, 0.010370509110117, 0.012981562735262, 0.014629952424504, 0.015193348510983, 0.014629952424504, 0.012981562735262, 0.010370509110117, 0.0069908792260309, 0.0030989893647679, 0.0069908792260309, 0.015770429194942, 0.023394393516, 0.029284559114374, 0.033003091796653, 0.03427403323381, 0.033003091796653, 0.029284559114374, 0.023394393516, 0.015770429194942, 0.0069908792260309, 0.010370509110117, 0.023394393516, 0.0347040426875, 0.043441715592874, 0.048957914029581, 0.050843271983325, 0.048957914029581, 0.043441715592874, 0.0347040426875, 0.023394393516, 0.010370509110117, 0.012981562735262, 0.029284559114374, 0.043441715592874, 0.054379331844585, 0.061284381086228, 0.063644428437334, 0.061284381086228, 0.054379331844585, 0.043441715592874, 0.029284559114374, 0.012981562735262, 0.014629952424504, 0.033003091796653, 0.048957914029581, 0.061284381086228, 0.069066228615238, 0.071725953116086, 0.069066228615238, 0.061284381086228, 0.048957914029581, 0.033003091796653, 0.014629952424504, 0.015193348510983, 0.03427403323381, 0.050843271983325, 0.063644428437334, 0.071725953116086, 0.074488102992725, 0.071725953116086, 0.063644428437334, 0.050843271983325, 0.03427403323381, 0.015193348510983, 0.014629952424504, 0.033003091796653, 0.048957914029581, 0.061284381086228, 0.069066228615238, 0.071725953116086, 0.069066228615238, 0.061284381086228, 0.048957914029581, 0.033003091796653, 0.014629952424504, 0.012981562735262, 0.029284559114374, 0.043441715592874, 0.054379331844585, 0.061284381086228, 0.063644428437334, 0.061284381086228, 0.054379331844585, 0.043441715592874, 0.029284559114374, 0.012981562735262, 0.010370509110117, 0.023394393516, 0.0347040426875, 0.043441715592874, 0.048957914029581, 0.050843271983325, 0.048957914029581, 0.043441715592874, 0.0347040426875, 0.023394393516, 0.010370509110117, 0.0069908792260309, 0.015770429194942, 0.023394393516, 0.029284559114374, 0.033003091796653, 0.03427403323381, 0.033003091796653, 0.029284559114374, 0.023394393516, 0.015770429194942, 0.0069908792260309, 0.0030989893647679, 0.0069908792260309, 0.010370509110117, 0.012981562735262, 0.014629952424504, 0.015193348510983, 0.014629952424504, 0.012981562735262, 0.010370509110117, 0.0069908792260309, 0.0030989893647679},
{-0.97822865814606, -0.97822865814606, -0.97822865814606, -0.97822865814606, -0.97822865814606, -0.97822865814606, -0.97822865814606, -0.97822865814606, -0.97822865814606, -0.97822865814606, -0.97822865814606, -0.8870625997681, -0.8870625997681, -0.8870625997681, -0.8870625997681, -0.8870625997681, -0.8870625997681, -0.8870625997681, -0.8870625997681, -0.8870625997681, -0.8870625997681, -0.8870625997681, -0.73015200557405, -0.73015200557405, -0.73015200557405, -0.73015200557405, -0.73015200557405, -0.73015200557405, -0.73015200557405, -0.73015200557405, -0.73015200557405, -0.73015200557405, -0.73015200557405, -0.51909612920681, -0.51909612920681, -0.51909612920681, -0.51909612920681, -0.51909612920681, -0.51909612920681, -0.51909612920681, -0.51909612920681, -0.51909612920681, -0.51909612920681, -0.51909612920681, -0.26954315595234, -0.26954315595234, -0.26954315595234, -0.26954315595234, -0.26954315595234, -0.26954315595234, -0.26954315595234, -0.26954315595234, -0.26954315595234, -0.26954315595234, -0.26954315595234, 0, 0, 0, 0, 0, 0, 0, 0, 0, 0, 0, 0.26954315595234, 0.26954315595234, 0.26954315595234, 0.26954315595234, 0.26954315595234, 0.26954315595234, 0.26954315595234, 0.26954315595234, 0.26954315595234, 0.26954315595234, 0.26954315595234, 0.51909612920681, 0.51909612920681, 0.51909612920681, 0.51909612920681, 0.51909612920681, 0.51909612920681, 0.51909612920681, 0.51909612920681, 0.51909612920681, 0.51909612920681, 0.51909612920681, 0.73015200557405, 0.73015200557405, 0.73015200557405, 0.73015200557405, 0.73015200557405, 0.73015200557405, 0.73015200557405, 0.73015200557405, 0.73015200557405, 0.73015200557405, 0.73015200557405, 0.8870625997681, 0.8870625997681, 0.8870625997681, 0.8870625997681, 0.8870625997681, 0.8870625997681, 0.8870625997681, 0.8870625997681, 0.8870625997681, 0.8870625997681, 0.8870625997681, 0.97822865814606, 0.97822865814606, 0.97822865814606, 0.97822865814606, 0.97822865814606, 0.97822865814606, 0.97822865814606, 0.97822865814606, 0.97822865814606, 0.97822865814606, 0.97822865814606},
{-0.97822865814606, -0.8870625997681, -0.73015200557405, -0.51909612920681, -0.26954315595234, 0, 0.26954315595234, 0.51909612920681, 0.73015200557405, 0.8870625997681, 0.97822865814606, -0.97822865814606, -0.8870625997681, -0.73015200557405, -0.51909612920681, -0.26954315595234, 0, 0.26954315595234, 0.51909612920681, 0.73015200557405, 0.8870625997681, 0.97822865814606, -0.97822865814606, -0.8870625997681, -0.73015200557405, -0.51909612920681, -0.26954315595234, 0, 0.26954315595234, 0.51909612920681, 0.73015200557405, 0.8870625997681, 0.97822865814606, -0.97822865814606, -0.8870625997681, -0.73015200557405, -0.51909612920681, -0.26954315595234, 0, 0.26954315595234, 0.51909612920681, 0.73015200557405, 0.8870625997681, 0.97822865814606, -0.97822865814606, -0.8870625997681, -0.73015200557405, -0.51909612920681, -0.26954315595234, 0, 0.26954315595234, 0.51909612920681, 0.73015200557405, 0.8870625997681, 0.97822865814606, -0.97822865814606, -0.8870625997681, -0.73015200557405, -0.51909612920681, -0.26954315595234, 0, 0.26954315595234, 0.51909612920681, 0.73015200557405, 0.8870625997681, 0.97822865814606, -0.97822865814606, -0.8870625997681, -0.73015200557405, -0.51909612920681, -0.26954315595234, 0, 0.26954315595234, 0.51909612920681, 0.73015200557405, 0.8870625997681, 0.97822865814606, -0.97822865814606, -0.8870625997681, -0.73015200557405, -0.51909612920681, -0.26954315595234, 0, 0.26954315595234, 0.51909612920681, 0.73015200557405, 0.8870625997681, 0.97822865814606, -0.97822865814606, -0.8870625997681, -0.73015200557405, -0.51909612920681, -0.26954315595234, 0, 0.26954315595234, 0.51909612920681, 0.73015200557405, 0.8870625997681, 0.97822865814606, -0.97822865814606, -0.8870625997681, -0.73015200557405, -0.51909612920681, -0.26954315595234, 0, 0.26954315595234, 0.51909612920681, 0.73015200557405, 0.8870625997681, 0.97822865814606, -0.97822865814606, -0.8870625997681, -0.73015200557405, -0.51909612920681, -0.26954315595234, 0, 0.26954315595234, 0.51909612920681, 0.73015200557405, 0.8870625997681, 0.97822865814606}};

const double hGaussSquare11[3][144]={{0.0022255123631805, 0.005044898676776, 0.0075517489972229, 0.0095844916984426, 0.011015088954937, 0.011753595695953, 0.011753595695953, 0.011015088954937, 0.0095844916984426, 0.0075517489972229, 0.005044898676776, 0.0022255123631805, 0.005044898676776, 0.011436019444333, 0.017118668560883, 0.021726587677968, 0.024969534482349, 0.02664361715301, 0.02664361715301, 0.024969534482349, 0.021726587677968, 0.017118668560883, 0.011436019444333, 0.005044898676776, 0.0075517489972229, 0.017118668560883, 0.025625071269231, 0.032522702084281, 0.037377094976406, 0.039883042655322, 0.039883042655322, 0.037377094976406, 0.032522702084281, 0.025625071269231, 0.017118668560883, 0.0075517489972229, 0.0095844916984426, 0.021726587677968, 0.032522702084281, 0.041277003281272, 0.047438077807539, 0.050618564173563, 0.050618564173563, 0.047438077807539, 0.041277003281272, 0.032522702084281, 0.021726587677968, 0.0095844916984426, 0.011015088954937, 0.024969534482349, 0.037377094976406, 0.047438077807539, 0.054518764619115, 0.058173975698009, 0.058173975698009, 0.054518764619115, 0.047438077807539, 0.037377094976406, 0.024969534482349, 0.011015088954937, 0.011753595695953, 0.02664361715301, 0.039883042655322, 0.050618564173563, 0.058173975698009, 0.062074250437546, 0.062074250437546, 0.058173975698009, 0.050618564173563, 0.039883042655322, 0.02664361715301, 0.011753595695953, 0.011753595695953, 0.02664361715301, 0.039883042655322, 0.050618564173563, 0.058173975698009, 0.062074250437546, 0.062074250437546, 0.058173975698009, 0.050618564173563, 0.039883042655322, 0.02664361715301, 0.011753595695953, 0.011015088954937, 0.024969534482349, 0.037377094976406, 0.047438077807539, 0.054518764619115, 0.058173975698009, 0.058173975698009, 0.054518764619115, 0.047438077807539, 0.037377094976406, 0.024969534482349, 0.011015088954937, 0.0095844916984426, 0.021726587677968, 0.032522702084281, 0.041277003281272, 0.047438077807539, 0.050618564173563, 0.050618564173563, 0.047438077807539, 0.041277003281272, 0.032522702084281, 0.021726587677968, 0.0095844916984426, 0.0075517489972229, 0.017118668560883, 0.025625071269231, 0.032522702084281, 0.037377094976406, 0.039883042655322, 0.039883042655322, 0.037377094976406, 0.032522702084281, 0.025625071269231, 0.017118668560883, 0.0075517489972229, 0.005044898676776, 0.011436019444333, 0.017118668560883, 0.021726587677968, 0.024969534482349, 0.02664361715301, 0.02664361715301, 0.024969534482349, 0.021726587677968, 0.017118668560883, 0.011436019444333, 0.005044898676776, 0.0022255123631805, 0.005044898676776, 0.0075517489972229, 0.0095844916984426, 0.011015088954937, 0.011753595695953, 0.011753595695953, 0.011015088954937, 0.0095844916984426, 0.0075517489972229, 0.005044898676776, 0.0022255123631805},
{-0.98156063424672, -0.98156063424672, -0.98156063424672, -0.98156063424672, -0.98156063424672, -0.98156063424672, -0.98156063424672, -0.98156063424672, -0.98156063424672, -0.98156063424672, -0.98156063424672, -0.98156063424672, -0.90411725637047, -0.90411725637047, -0.90411725637047, -0.90411725637047, -0.90411725637047, -0.90411725637047, -0.90411725637047, -0.90411725637047, -0.90411725637047, -0.90411725637047, -0.90411725637047, -0.90411725637047, -0.7699026741943, -0.7699026741943, -0.7699026741943, -0.7699026741943, -0.7699026741943, -0.7699026741943, -0.7699026741943, -0.7699026741943, -0.7699026741943, -0.7699026741943, -0.7699026741943, -0.7699026741943, -0.58731795428662, -0.58731795428662, -0.58731795428662, -0.58731795428662, -0.58731795428662, -0.58731795428662, -0.58731795428662, -0.58731795428662, -0.58731795428662, -0.58731795428662, -0.58731795428662, -0.58731795428662, -0.36783149899818, -0.36783149899818, -0.36783149899818, -0.36783149899818, -0.36783149899818, -0.36783149899818, -0.36783149899818, -0.36783149899818, -0.36783149899818, -0.36783149899818, -0.36783149899818, -0.36783149899818, -0.12523340851147, -0.12523340851147, -0.12523340851147, -0.12523340851147, -0.12523340851147, -0.12523340851147, -0.12523340851147, -0.12523340851147, -0.12523340851147, -0.12523340851147, -0.12523340851147, -0.12523340851147, 0.12523340851147, 0.12523340851147, 0.12523340851147, 0.12523340851147, 0.12523340851147, 0.12523340851147, 0.12523340851147, 0.12523340851147, 0.12523340851147, 0.12523340851147, 0.12523340851147, 0.12523340851147, 0.36783149899818, 0.36783149899818, 0.36783149899818, 0.36783149899818, 0.36783149899818, 0.36783149899818, 0.36783149899818, 0.36783149899818, 0.36783149899818, 0.36783149899818, 0.36783149899818, 0.36783149899818, 0.58731795428662, 0.58731795428662, 0.58731795428662, 0.58731795428662, 0.58731795428662, 0.58731795428662, 0.58731795428662, 0.58731795428662, 0.58731795428662, 0.58731795428662, 0.58731795428662, 0.58731795428662, 0.7699026741943, 0.7699026741943, 0.7699026741943, 0.7699026741943, 0.7699026741943, 0.7699026741943, 0.7699026741943, 0.7699026741943, 0.7699026741943, 0.7699026741943, 0.7699026741943, 0.7699026741943, 0.90411725637047, 0.90411725637047, 0.90411725637047, 0.90411725637047, 0.90411725637047, 0.90411725637047, 0.90411725637047, 0.90411725637047, 0.90411725637047, 0.90411725637047, 0.90411725637047, 0.90411725637047, 0.98156063424672, 0.98156063424672, 0.98156063424672, 0.98156063424672, 0.98156063424672, 0.98156063424672, 0.98156063424672, 0.98156063424672, 0.98156063424672, 0.98156063424672, 0.98156063424672, 0.98156063424672},
{-0.98156063424672, -0.90411725637047, -0.7699026741943, -0.58731795428662, -0.36783149899818, -0.12523340851147, 0.12523340851147, 0.36783149899818, 0.58731795428662, 0.7699026741943, 0.90411725637047, 0.98156063424672, -0.98156063424672, -0.90411725637047, -0.7699026741943, -0.58731795428662, -0.36783149899818, -0.12523340851147, 0.12523340851147, 0.36783149899818, 0.58731795428662, 0.7699026741943, 0.90411725637047, 0.98156063424672, -0.98156063424672, -0.90411725637047, -0.7699026741943, -0.58731795428662, -0.36783149899818, -0.12523340851147, 0.12523340851147, 0.36783149899818, 0.58731795428662, 0.7699026741943, 0.90411725637047, 0.98156063424672, -0.98156063424672, -0.90411725637047, -0.7699026741943, -0.58731795428662, -0.36783149899818, -0.12523340851147, 0.12523340851147, 0.36783149899818, 0.58731795428662, 0.7699026741943, 0.90411725637047, 0.98156063424672, -0.98156063424672, -0.90411725637047, -0.7699026741943, -0.58731795428662, -0.36783149899818, -0.12523340851147, 0.12523340851147, 0.36783149899818, 0.58731795428662, 0.7699026741943, 0.90411725637047, 0.98156063424672, -0.98156063424672, -0.90411725637047, -0.7699026741943, -0.58731795428662, -0.36783149899818, -0.12523340851147, 0.12523340851147, 0.36783149899818, 0.58731795428662, 0.7699026741943, 0.90411725637047, 0.98156063424672, -0.98156063424672, -0.90411725637047, -0.7699026741943, -0.58731795428662, -0.36783149899818, -0.12523340851147, 0.12523340851147, 0.36783149899818, 0.58731795428662, 0.7699026741943, 0.90411725637047, 0.98156063424672, -0.98156063424672, -0.90411725637047, -0.7699026741943, -0.58731795428662, -0.36783149899818, -0.12523340851147, 0.12523340851147, 0.36783149899818, 0.58731795428662, 0.7699026741943, 0.90411725637047, 0.98156063424672, -0.98156063424672, -0.90411725637047, -0.7699026741943, -0.58731795428662, -0.36783149899818, -0.12523340851147, 0.12523340851147, 0.36783149899818, 0.58731795428662, 0.7699026741943, 0.90411725637047, 0.98156063424672, -0.98156063424672, -0.90411725637047, -0.7699026741943, -0.58731795428662, -0.36783149899818, -0.12523340851147, 0.12523340851147, 0.36783149899818, 0.58731795428662, 0.7699026741943, 0.90411725637047, 0.98156063424672, -0.98156063424672, -0.90411725637047, -0.7699026741943, -0.58731795428662, -0.36783149899818, -0.12523340851147, 0.12523340851147, 0.36783149899818, 0.58731795428662, 0.7699026741943, 0.90411725637047, 0.98156063424672, -0.98156063424672, -0.90411725637047, -0.7699026741943, -0.58731795428662, -0.36783149899818, -0.12523340851147, 0.12523340851147, 0.36783149899818, 0.58731795428662, 0.7699026741943, 0.90411725637047, 0.98156063424672}};

const short hGaussPointsSquare[12]={1, 4, 9, 16, 25, 36, 49, 64, 81, 100, 121, 144};

// ************** CUBE *************** 
//hGaussCubeN: exact for polynomials x^n1*y^n2*z^n3 where n1,n2,n3 are each 2N+1

const double hGaussCube0[4][1]={{8},
{0},
{0},
{0}};

const double hGaussCube1[4][8]={{1, 1, 1, 1, 1, 1, 1, 1},
{-0.57735026918963, -0.57735026918963, -0.57735026918963, -0.57735026918963, 0.57735026918963, 0.57735026918963, 0.57735026918963, 0.57735026918963},
{-0.57735026918963, -0.57735026918963, 0.57735026918963, 0.57735026918963, -0.57735026918963, -0.57735026918963, 0.57735026918963, 0.57735026918963},
{-0.57735026918963, 0.57735026918963, -0.57735026918963, 0.57735026918963, -0.57735026918963, 0.57735026918963, -0.57735026918963, 0.57735026918963}};

